



                                                                                          46474849505152
                                                                              4041424344454647484950515253545556575859
                                                                      36373839404142434445464748495051525354555657585960616263
                                                                33343536373839404142434445464748495051525354555657585960616263646566
                                                            3132333435363738394041424344454647484950515253545556575859606162636465666768
                                                        293031323334353637383940414243444546474849505152535455565758596061626364656667686970
                                                    27282930313233343536373839404142434445464748495051525354555657585960616263646566676869707172
                                                  262728293031323334353637383940414243444546474849505152535455565758596061626364656667686970717273
                                              24252627282930313233343536373839404142434445464748495051525354555657585960616263646566676869707172737475
                                            232425262728293031323334353637383940414243444546474849505152535455565758596061626364656667686970717273747576
                                          22232425262728293031323334353637383940414243444546            53545556575859606162636465666768697071727374757677
                                        2122232425262728293031323334353637383940414243                      555657585960616263646566676869707172737475767778
                                      2021222324252627282930313233343536373839404142                            5758596061626364656667686970717273747576777879
                                    19202122232425262728293031323334353637383940                                  5859606162636465666768697071727374757677787980
                                  1819202122232425262728293031323334353637383940                                    5960616263646566676869707172737475767778798081
                                1718192021222324252627282930313233343536373839                                        6061626364656667686970717273747576777879808182
                              1617181920212223242526272829303132333435363738                                            6162636465666768697071727374757677787980818283
                              1617181920212223242526272829303132333435363738                                            616263646566676869707172737475767778798081828384
                            1516171819202122232425262728293031323334353637                                                6263646566676869707172737475767778798081828384
                          141516171819202122232425262728293031323334353637                                                626364656667686970717273747576777879808182838485
                          1415161718192021222324252627282930313233343536                                                    6364656667686970717273747576777879808182838485
                        131415161718192021222324252627282930313233343536                                                    636465666768697071727374757677787980818283848586
                        131415161718192021222324252627282930313233343536                                                    63646566676869707172737475767778798081828384858687
                      12131415161718192021222324252627282930313233343536                                                      646566676869707172737475767778798081828384858687
                      121314151617181920212223242526272829303132333435                                                        646566676869707172737475767778798081828384858687
                    11121314151617181920212223242526272829303132333435                                                        64656667686970717273747576777879808182838485868788
                    11121314151617181920212223242526272829303132333435                                                        64656667686970717273747576777879808182838485868788
                  1011121314151617181920212223242526272829303132333435                                                        6465666768697071727374757677787980818283848586878889
                  1011121314151617181920212223242526272829303132333435                                                          65666768697071727374757677787980818283848586878889
                  10111213141516171819202122232425262728293031323334                                                            65666768697071727374757677787980818283848586878889
                9 10111213141516171819202122232425262728293031323334                                                            6566676869707172737475767778798081828384858687888990
                9 10111213141516171819202122232425262728293031323334                                                            6566676869707172737475767778798081828384858687888990
                9 10111213141516171819202122232425262728293031323334                                                            6566676869707172737475767778798081828384858687888990
                9 10111213141516171819202122232425262728293031323334                                                            6566676869707172737475767778798081828384858687888990
                9 10111213141516171819202122232425262728293031323334                                                            656667686970717273747576777879808182838485868788899091
              8 9 10111213141516171819202122232425262728293031323334                                                            656667686970717273747576777879808182838485868788899091
              8 9 10111213141516171819202122232425262728293031323334                                                            656667686970717273747576777879808182838485868788899091
              8 9 10111213141516171819202122232425262728293031323334                                                            656667686970717273747576777879808182838485868788899091
              8 9 10111213141516171819202122232425262728293031323334                                                            656667686970717273747576777879808182838485868788899091
              8 9 10111213141516171819202122232425262728293031323334                                                            656667686970717273747576777879808182838485868788899091
              8 9 10111213141516171819202122232425262728293031323334                                                            656667686970717273747576777879808182838485868788899091
              8 9 10111213141516171819202122232425262728293031323334                                                            656667686970717273747576777879808182838485868788899091
              8 9 10111213141516171819202122232425262728293031323334                                                            65666768697071727374757677787980818283848586878889909192
              8 9 10111213141516171819202122232425262728293031323334                                                              666768697071727374757677787980818283848586878889909192
              8 9 10111213141516171819202122232425262728293031323334                                                              666768697071727374757677787980818283848586878889909192
              8 9 10111213141516171819202122232425262728293031323334                                                              666768697071727374757677787980818283848586878889909192
              8 9 10111213141516171819202122232425262728293031323334                                                            65666768697071727374757677787980818283848586878889909192
              8 9 10111213141516171819202122232425262728293031323334                                                            65666768697071727374757677787980818283848586878889909192
              8 9 10111213141516171819202122232425262728293031323334                                                            656667686970717273747576777879808182838485868788899091
              8 9 10111213141516171819202122232425262728293031323334                                                            656667686970717273747576777879808182838485868788899091
              8 9 10111213141516171819202122232425262728293031323334                                                            656667686970717273747576777879808182838485868788899091
              8 9 10111213141516171819202122232425262728293031323334                                                            656667686970717273747576777879808182838485868788899091
              8 9 10111213141516171819202122232425262728293031323334                                                            656667686970717273747576777879808182838485868788899091
              8 9 10111213141516171819202122232425262728293031323334                                                            656667686970717273747576777879808182838485868788899091
              8 9 10111213141516171819202122232425262728293031323334                                                            656667686970717273747576777879808182838485868788899091
                9 10111213141516171819202122232425262728293031323334                                                            6566676869707172737475767778798081828384858687888990
                9 10111213141516171819202122232425262728293031323334                                                            6566676869707172737475767778798081828384858687888990
                9 10111213141516171819202122232425262728293031323334                                                            6566676869707172737475767778798081828384858687888990
                9 10111213141516171819202122232425262728293031323334                                                            6566676869707172737475767778798081828384858687888990
                  10111213141516171819202122232425262728293031323334                                                            65666768697071727374757677787980818283848586878889
                  10111213141516171819202122232425262728293031323334                                                            65666768697071727374757677787980818283848586878889
                  1011121314151617181920212223242526272829303132333435                                                          65666768697071727374757677787980818283848586878889
                    11121314151617181920212223242526272829303132333435                                                        64656667686970717273747576777879808182838485868788
                    11121314151617181920212223242526272829303132333435                                                        64656667686970717273747576777879808182838485868788
                      121314151617181920212223242526272829303132333435                                                        64656667686970717273747576777879808182838485868788
                      121314151617181920212223242526272829303132333435                                                        646566676869707172737475767778798081828384858687
                      12131415161718192021222324252627282930313233343536                                                      646566676869707172737475767778798081828384858687
                        131415161718192021222324252627282930313233343536                                                    636465666768697071727374757677787980818283848586
                          1415161718192021222324252627282930313233343536                                                    636465666768697071727374757677787980818283848586
                          1415161718192021222324252627282930313233343536                                                    6364656667686970717273747576777879808182838485
                            1516171819202122232425262728293031323334353637                                                6263646566676869707172737475767778798081828384
                            1516171819202122232425262728293031323334353637                                                6263646566676869707172737475767778798081828384
                              1617181920212223242526272829303132333435363738                                            6162636465666768697071727374757677787980818283
                                17181920212223242526272829303132333435363738                                            61626364656667686970717273747576777879808182
                                1718192021222324252627282930313233343536373839                                        6061626364656667686970717273747576777879808182
                                  18192021222324252627282930313233343536373839                                        60616263646566676869707172737475767778798081
                                    19202122232425262728293031323334353637383940                                    59606162636465666768697071727374757677787980
                                      20212223242526272829303132333435363738394041                                58596061626364656667686970717273747576777879
                                        2122232425262728293031323334353637383940414243                        5657585960616263646566676869707172737475767778
                                          222324252627282930313233343536373839404142434445                545556575859606162636465666768697071727374757677
                                            232425262728293031323334353637383940414243444546474849505152535455565758596061626364656667686970717273747576
                                              24252627282930313233343536373839404142434445464748495051525354555657585960616263646566676869707172737475
                                                  26272829303132333435363738394041424344454647484950515253545556575859606162636465666768697071727374
                                                2526272829303132333435363738394041424344454647484950515253545556575859606162636465666768697071727374
                                          222324252627282930313233343536373839404142434445464748495051525354555657585960616263646566676869707172737475767778
                                      202122232425262728293031323334353637383940414243444546474849505152535455565758596061626364656667686970717273747576777879
                                      20212223242526272829303132333435363738394041424344454647484950515253545556575859606162636465666768697071727374757677787980
                                      202122232425262728293031323334353637383940414243444546474849505152535455565758596061626364656667686970717273747576777879
                                        21222324252627282930313233343536373839404142434445464748495051525354555657585960616263646566676869707172737475767778
                                              24252627282930313233343536373839404142434445464748495051525354555657585960616263646566676869707172737475
                                                          3031323334353637383940414243444546474849505152535455565758596061626364656667686970
                                                                                414243444546474849505152535455565758


